# Group 01
L102   28.319  102.191 1662.600 
L104   28.319  102.189 1644.500 
L106   28.319  102.187 1644.100 
L108   28.317  102.182 1630.600 
L110   28.317  102.179 1635.000 
L112   28.318  102.170 1647.900 
L114   28.315  102.161 1657.800 
L116   28.316  102.152 1653.900 
L118   28.312  102.139 1656.200 
L120   28.317  102.123 1673.400 
L202   28.194  102.170 1615.200 
L204   28.194  102.167 1619.600 
L206   28.192  102.164 1607.900 
L208   28.192  102.160 1583.900 
L210   28.193  102.155 1599.800 
L212   28.195  102.149 1592.400 
L214   28.196  102.141 1605.500 
L216   28.195  102.130 1605.300 
L218   28.197  102.118 1630.000 
L220   28.198  102.107 1628.600 

# Group 02
L122   28.325  102.108 1715.200 
L124   28.327  102.088 1716.500 
L126   28.328  102.072 1758.800 
L128   28.318  102.054 1854.300 
L130   28.316  102.031 2074.700 
L132   28.344  101.975 2711.500 
L134   28.334  101.956 2211.900 
L136   28.332  101.936 2019.200 
L138   28.330  101.920 2037.600 
L140   28.338  101.887 1421.000 
R102   28.319  102.194 1658.000 
R104   28.318  102.195 1657.900 
R106   28.317  102.199 1687.900 
R108   28.316  102.203 1736.200 
R110   28.313  102.208 1881.700 
R112   28.313  102.213 2002.400 
R114   28.312  102.216 2064.900 
R116   28.307  102.231 1680.600 
R118   28.316  102.244 1682.300 
R120   28.310  102.258 1751.400 

# Group 03
R122   28.304  102.268 1850.700 
R124   28.297  102.272 1899.900 
R126   28.327  102.335 1905.100 
R128   28.327  102.336 1904.300 
R130   28.320  102.377 1794.300 
R132   28.316  102.386 1834.000 
R134   28.307  102.410 1838.000 
R136   28.299  102.432 1850.700 
R138   28.278  102.458 1875.600 
R140   28.272  102.502 2007.200 
R222   28.188  102.263 3487.900 
R224   28.191  102.280 3473.600 
R228   28.183  102.337 2973.600 
R230   28.170  102.358 2842.100 
R232   28.170  102.358 2843.300 
R234   28.165  102.437 2656.200 
R236   28.170  102.459 2494.200 
R238   28.172  102.493 2429.200 
R240   28.175  102.522 2101.700 

# Group 04
L222   28.197  102.087 1648.700 
L224   28.201  102.069 1683.700 
L226   28.212  102.051 1779.600 
L228   28.215  102.022 1898.500 
L230   28.205  102.002 2056.300 
L232   28.205  101.984 2222.100 
L234   28.201  101.969 2421.000 
L236   28.201  101.969 2434.800 
L238   28.217  101.896 2154.600 
L240   28.212  101.840 1372.200 
R202   28.193  102.172 1624.100 
R204   28.194  102.173 1632.100 
R206   28.193  102.176 1650.700 
R208   28.193  102.180 1668.400 
R210   28.194  102.186 1708.000 
R212   28.195  102.191 1739.300 
R214   28.195  102.197 1767.800 
R216   28.192  102.213 2018.600 
R218   28.186  102.222 2132.900 
R220   28.185  102.249 3419.500 

# Group 05
L302   28.059  102.194 1597.400 
L304   28.057  102.190 1596.500 
L306   28.059  102.189 1588.700 
L308   28.060  102.186 1578.300 
L310   28.061  102.180 1579.700 
L312   28.061  102.172 1573.900 
L314   28.061  102.165 1569.100 
L316   28.061  102.156 1548.600 
L318   28.062  102.143 1558.900 
L320   28.062  102.129 1571.300 
L402   27.965  102.205 1589.200 
L404   27.965  102.203 1580.000 
L406   27.965  102.200 1568.800 
L408   27.966  102.195 1571.600 
L410   27.966  102.192 1582.100 
L412   27.966  102.185 1539.900 
L414   27.966  102.177 1534.000 
L416   27.968  102.166 1529.300 
L418   27.968  102.155 1530.700 
L420   27.970  102.143 1526.800 

# Group 06
L322   28.065  102.118 1581.300 
L324   28.064  102.104 1607.700 
L326   28.067  102.088 1625.400 
L328   28.072  102.060 1681.700 
L330   28.063  102.049 1723.700 
L332   28.052  102.033 1948.400 
L334   28.052  102.020 1948.400 
L335   28.052  102.005 2121.600 
L336   28.051  101.988 2316.500 
L338   28.038  101.931 2503.400 
L340   28.027  101.887 2051.900 
R302   28.059  102.197 1606.900 
R304   28.059  102.198 1607.000 
R306   28.061  102.201 1614.400 
R308   28.060  102.205 1678.600 
R310   28.060  102.210 1771.300 
R312   28.059  102.215 1917.300 
R314   28.058  102.221 2042.000 
R316   28.057  102.234 2342.500 
R318   28.057  102.244 2325.200 
R320   28.060  102.264 2620.000 

# Group 07
R322   28.062  102.275 2645.400 
R324   28.062  102.276 2642.500 
R326   28.045  102.334 2349.700 
R328   28.049  102.346 2606.500 
R330   28.055  102.359 2436.500 
R332   28.056  102.372 2381.600 
R334   28.054  102.451 2416.900 
R336   28.043  102.463 2356.700 
R338   28.045  102.482 2295.500 
R340   28.047  102.506 2380.300 
R422   27.961  102.279 2087.700 
R424   27.957  102.307 2036.200 
R426   27.956  102.327 2304.100 
R428   27.954  102.351 2317.800 
R430   27.957  102.375 2595.400 
R432   27.950  102.390 2351.100 
R434   27.938  102.413 2611.600 
R436   27.921  102.434 2329.700 
R438   27.936  102.466 2748.100 
R440   27.943  102.525 3099.400 

# Group 08
L422   27.975  102.130 1646.200 
L424   27.972  102.116 1769.500 
L426   27.973  102.103 1843.700 
L428   27.973  102.092 1891.800 
L430   27.978  102.080 1757.700 
L432   27.978  102.063 1939.700 
L434   27.974  102.045 2099.300 
L436   27.969  102.028 2287.700 
L438   27.975  101.952 2878.200 
L440   27.979  101.931 2810.900 
R402   27.964  102.205 1594.300
R404   27.964  102.209 1605.700 
R406   27.964  102.213 1616.700 
R408   27.964  102.217 1640.800 
R410   27.963  102.221 1756.800 
R412   27.963  102.230 1960.700 
R414   27.963  102.233 2041.300 
R418   27.960  102.253 1932.800 
R420   27.959  102.267 2013.100 

# Group 09
L502   27.866  102.238 1579.300 
L504   27.865  102.236 1571.900 
L506   27.864  102.232 1569.000 
L508   27.866  102.228 1565.700 
L510   27.869  102.224 1557.300 
L512   27.869  102.217 1521.200 
L514   27.869  102.209 1524.300 
L516   27.869  102.198 1505.200 
L518   27.870  102.187 1504.500 
L520   27.870  102.171 1500.100 
L602   27.747  102.203 1531.300 
L604   27.748  102.202 1516.400 
L606   27.748  102.199 1493.800 
L608   27.746  102.195 1480.000 
L610   27.746  102.190 1478.700 
L612   27.746  102.184 1486.800 
L614   27.746  102.178 1483.600 
L616   27.746  102.168 1482.000 
L618   27.747  102.159 1485.800 
L620   27.746  102.150 1509.100 

# Group 10
L522   27.871  102.154 1500.600 
L524   27.866  102.139 1638.100 
L526   27.870  102.116 2088.100 
L528   27.872  102.096 2150.900 
L530   27.866  102.067 2862.600 
L532   27.858  102.051 3090.300 
L534   27.861  102.010 2809.300 
L536   27.873  101.992 2293.600 
L538   27.876  101.965 2153.100 
L540   27.883  101.931 2338.800 
R502   27.864  102.261 1531.900 
R504   27.866  102.242 1607.500 
R506   27.867  102.245 1607.900 
R508   27.868  102.250 1536.000 
R510   27.868  102.256 1521.800 
R512   27.867  102.261 1509.600 
R514   27.868  102.268 1514.600 
R516   27.868  102.279 1516.800 
R518   27.868  102.256 1523.700 
R520   27.872  102.305 1523.900 

# Group 11
L622   27.750  102.137 1572.000 
L624   27.756  102.125 1640.800 
L626   27.760  102.111 1749.100 
L628   27.758  102.094 1902.100 
L630   27.758  102.058 1812.100 
L632   27.752  102.030 1513.300 
L636   27.752  101.987 1801.000 
L638   27.753  101.958 1996.400 
L640   27.754  101.927 1223.100 
R602   27.747  102.205 1561.500 
R604   27.746  102.208 1530.100 
R606   27.746  102.211 1531.600 
R608   27.745  102.215 1568.200 
R610   27.744  102.221 1617.500 
R612   27.742  102.226 1614.400 
R614   27.741  102.235 1540.400 
R616   27.740  102.246 1591.100 
R618   27.739  102.261 1814.000 
R620   27.738  102.273 1939.400 

# Group 12
R522   27.876  102.321 1552.500 
R524   27.879  102.339 1616.800 
R526   27.877  102.363 1836.900 
R528   27.876  102.393 2311.600 
R530   27.867  102.411 2477.000 
R532   27.854  102.439 2544.800 
R534   27.851  102.462 2885.800 
R536   27.856  102.490 3163.000 
R538   27.859  102.506 3160.700 
R540   27.864  102.528 3228.600 
R622   27.737  102.286 2317.600 
R624   27.738  102.303 2247.700 
R626   27.743  102.335 2150.000 
R628   27.739  102.366 2521.600 
R630   27.731  102.392 2803.100 
R632   27.731  102.413 2370.400 
R634   27.732  102.435 2568.500 
R636   27.733  102.504 2651.600 
R638   27.741  102.509 2718.200 
R640   27.746  102.510 2760.100 
